edge: (12,14)
add_weight: 1.0
Kc_base: 1.5600000000000636
Kc_new: 2.6900000000000492
delta: 1.1299999999999857
predict_deriv_mean: 0.3569888199428844
predict_is_braess (sign>0): True
ground_truth_is_braess: True
prediction_correct: True
