edge: (14,19)
add_weight: 1.0
Kc_base: 3.680000000000028
Kc_new: 3.7000000000000277
delta: 0.019999999999999574
predict_deriv_mean: -0.017717013356846237
predict_is_braess (sign>0): False
ground_truth_is_braess: True
prediction_correct: False
