edge: (4,12)
add_weight: 1.0
Kc_base: 1.5600000000000636
Kc_new: 1.5600000000000636
delta: 0.0
predict_deriv_mean: 0.3812015007755407
predict_is_braess (sign>0): True
ground_truth_is_braess: False
prediction_correct: False
