edge: (4,8)
add_weight: 1.0
Kc_base: 0.44000000000006256
Kc_new: 0.45000000000006257
delta: 0.010000000000000009
predict_deriv_mean: 0.015923017476243695
predict_is_braess (sign>0): True
ground_truth_is_braess: True
prediction_correct: True
