edge: (3,8)
add_weight: 1.0
Kc_base: 3.030000000000042
Kc_new: 3.1100000000000403
delta: 0.0799999999999983
predict_deriv_mean: 0.1365904094754652
predict_is_braess (sign>0): True
ground_truth_is_braess: True
prediction_correct: True
