edge: (6,8)
add_weight: 1.0
Kc_base: 0.6500000000000627
Kc_new: 1.1900000000000632
delta: 0.5400000000000005
predict_deriv_mean: 1.6221282905362528
predict_is_braess (sign>0): True
ground_truth_is_braess: True
prediction_correct: True
