edge: (1,8)
add_weight: 1.0
Kc_base: 1.8100000000000638
Kc_new: 1.5100000000000635
delta: -0.30000000000000027
predict_deriv_mean: 0.14899610732828528
predict_is_braess (sign>0): True
ground_truth_is_braess: False
prediction_correct: False
