edge: (2,8)
add_weight: 1.0
Kc_base: 0.7600000000000628
Kc_new: 0.7700000000000629
delta: 0.010000000000000009
predict_deriv_mean: -0.005668819781229573
predict_is_braess (sign>0): False
ground_truth_is_braess: True
prediction_correct: False
