edge: (1,4)
add_weight: 1.0
Kc_base: 1.5300000000000635
Kc_new: 1.7000000000000637
delta: 0.17000000000000015
predict_deriv_mean: -5.297488510433695
predict_is_braess (sign>0): False
ground_truth_is_braess: True
prediction_correct: False
