edge: (4,13)
add_weight: 1.0
Kc_base: 3.680000000000028
Kc_new: 3.7100000000000275
delta: 0.02999999999999936
predict_deriv_mean: 0.0041854592818798275
predict_is_braess (sign>0): True
ground_truth_is_braess: True
prediction_correct: True
