edge: (1,10)
add_weight: 1.0
Kc_base: 1.6100000000000636
Kc_new: 1.4400000000000635
delta: -0.17000000000000015
predict_deriv_mean: -0.1966351739865062
predict_is_braess (sign>0): False
ground_truth_is_braess: False
prediction_correct: True
