edge: (1,4)
add_weight: 1.0
Kc_base: 1.8500000000000638
Kc_new: 1.960000000000064
delta: 0.1100000000000001
predict_deriv_mean: 0.3616859015358509
predict_is_braess (sign>0): True
ground_truth_is_braess: True
prediction_correct: True
