edge: (0,13)
add_weight: 1.0
Kc_base: 2.0200000000000635
Kc_new: 2.0200000000000635
delta: 0.0
predict_deriv_mean: -0.12770967757730078
predict_is_braess (sign>0): False
ground_truth_is_braess: False
prediction_correct: True
