edge: (0,9)
add_weight: 1.0
Kc_base: 2.090000000000062
Kc_new: 4.870000000000003
delta: 2.7799999999999407
predict_deriv_mean: -1.0090122550933314
predict_is_braess (sign>0): False
ground_truth_is_braess: True
prediction_correct: False
