edge: (4,6)
add_weight: 1.0
Kc_base: 2.740000000000048
Kc_new: 2.740000000000048
delta: 0.0
predict_deriv_mean: -0.0002689283708148249
predict_is_braess (sign>0): False
ground_truth_is_braess: False
prediction_correct: True
