edge: (1,5)
add_weight: 1.0
Kc_base: 2.370000000000056
Kc_new: 3.0600000000000414
delta: 0.6899999999999853
predict_deriv_mean: -3.525359853390783
predict_is_braess (sign>0): False
ground_truth_is_braess: True
prediction_correct: False
