edge: (13,15)
add_weight: 1.0
Kc_base: 1.3300000000000634
Kc_new: 3.360000000000035
delta: 2.029999999999972
predict_deriv_mean: 1.4446842088312342
predict_is_braess (sign>0): True
ground_truth_is_braess: True
prediction_correct: True
