edge: (6,11)
add_weight: 1.0
Kc_base: 1.3800000000000634
Kc_new: 1.3900000000000634
delta: 0.010000000000000009
predict_deriv_mean: -0.018090268457921388
predict_is_braess (sign>0): False
ground_truth_is_braess: True
prediction_correct: False
