edge: (4,8)
add_weight: 1.0
Kc_base: 0.6500000000000627
Kc_new: 1.0700000000000631
delta: 0.4200000000000004
predict_deriv_mean: 0.8498485935166592
predict_is_braess (sign>0): True
ground_truth_is_braess: True
prediction_correct: True
