edge: (7,13)
add_weight: 1.0
Kc_base: 1.8500000000000638
Kc_new: 3.080000000000041
delta: 1.2299999999999771
predict_deriv_mean: -0.9470382186717152
predict_is_braess (sign>0): False
ground_truth_is_braess: True
prediction_correct: False
