edge: (0,5)
add_weight: 1.0
Kc_base: 2.090000000000062
Kc_new: 2.1100000000000616
delta: 0.019999999999999574
predict_deriv_mean: -0.15141086439414309
predict_is_braess (sign>0): False
ground_truth_is_braess: True
prediction_correct: False
