edge: (1,5)
add_weight: 1.0
Kc_base: 1.8100000000000638
Kc_new: 1.9000000000000639
delta: 0.09000000000000008
predict_deriv_mean: 0.6324978202829714
predict_is_braess (sign>0): True
ground_truth_is_braess: True
prediction_correct: True
