edge: (0,3)
add_weight: 1.0
Kc_base: 1.5600000000000636
Kc_new: 1.7000000000000637
delta: 0.14000000000000012
predict_deriv_mean: -0.026049991373550796
predict_is_braess (sign>0): False
ground_truth_is_braess: True
prediction_correct: False
