edge: (0,8)
add_weight: 1.0
Kc_base: 1.5600000000000636
Kc_new: 1.8700000000000638
delta: 0.3100000000000003
predict_deriv_mean: 0.14602193038911693
predict_is_braess (sign>0): True
ground_truth_is_braess: True
prediction_correct: True
