edge: (5,6)
add_weight: 1.0
Kc_base: 1.0900000000000631
Kc_new: 1.4400000000000635
delta: 0.3500000000000003
predict_deriv_mean: 0.0008593685725835076
predict_is_braess (sign>0): True
ground_truth_is_braess: True
prediction_correct: True
