edge: (3,8)
add_weight: 1.0
Kc_base: 2.930000000000044
Kc_new: 1.7400000000000637
delta: -1.1899999999999804
predict_deriv_mean: -1.4001358398685981
predict_is_braess (sign>0): False
ground_truth_is_braess: False
prediction_correct: True
