run_id: run_1646525468891254886
graph_type: rgn
n: 14
K_start: 5.0
K_min: 0.4
K_step: 0.01
onset_eps: 0.05
onset_minrun: 3
add_weight: 1.0
edges_count: 17
seed_child: 1646525468891254886
seed_root: 7199181700644732218
code_version: 2025-10-10_single_edge_only_v3
timestamp: 2025-11-17T04:44:38.080687
graph_params_json: {"n": 14, "radius": 18.286820985513817, "box_size": 100.0, "weight_low": 1.0, "weight_high": 1.0}
