edge: (11,16)
add_weight: 1.0
Kc_base: 1.0900000000000631
Kc_new: 1.6900000000000637
delta: 0.6000000000000005
predict_deriv_mean: 0.0012189333461452012
predict_is_braess (sign>0): True
ground_truth_is_braess: True
prediction_correct: True
