edge: (3,15)
add_weight: 1.0
Kc_base: 1.0900000000000631
Kc_new: 1.1300000000000632
delta: 0.040000000000000036
predict_deriv_mean: 0.0001628407408504895
predict_is_braess (sign>0): True
ground_truth_is_braess: True
prediction_correct: True
