edge: (0,1)
add_weight: 1.0
Kc_base: 0.5500000000000627
Kc_new: 0.8000000000000629
delta: 0.2500000000000002
predict_deriv_mean: 0.02722122901215207
predict_is_braess (sign>0): True
ground_truth_is_braess: True
prediction_correct: True
