edge: (7,9)
add_weight: 1.0
Kc_base: 1.8500000000000638
Kc_new: 1.950000000000064
delta: 0.10000000000000009
predict_deriv_mean: 0.3864874118058539
predict_is_braess (sign>0): True
ground_truth_is_braess: True
prediction_correct: True
