edge: (10,13)
add_weight: 1.0
Kc_base: 1.1100000000000632
Kc_new: 1.1300000000000632
delta: 0.020000000000000018
predict_deriv_mean: -0.013857396300695601
predict_is_braess (sign>0): False
ground_truth_is_braess: True
prediction_correct: False
