edge: (0,8)
add_weight: 1.0
Kc_base: 0.5500000000000627
Kc_new: 0.960000000000063
delta: 0.41000000000000036
predict_deriv_mean: -0.06032397022182967
predict_is_braess (sign>0): False
ground_truth_is_braess: True
prediction_correct: False
