run_id: run_7835906413372429789
graph_type: er
n: 11
K_start: 5.0
K_min: 0.4
K_step: 0.01
onset_eps: 0.05
onset_minrun: 3
add_weight: 1.0
edges_count: 23
seed_child: 7835906413372429789
seed_root: 5567376058526621140
code_version: 2025-10-10_single_edge_only_v2
timestamp: 2025-10-10T14:11:31.444863
graph_params_json: {"n": 11, "p": 0.30300112192898204, "weight_low": 1.0, "weight_high": 1.0}
