edge: (3,4)
add_weight: 1.0
Kc_base: 0.880000000000063
Kc_new: 0.890000000000063
delta: 0.010000000000000009
predict_deriv_mean: 0.13648199169330932
predict_is_braess (sign>0): True
ground_truth_is_braess: True
prediction_correct: True
