edge: (8,12)
add_weight: 1.0
Kc_base: 3.080000000000041
Kc_new: 3.0900000000000407
delta: 0.009999999999999787
predict_deriv_mean: -0.010735625699389878
predict_is_braess (sign>0): False
ground_truth_is_braess: True
prediction_correct: False
