edge: (9,13)
add_weight: 1.0
Kc_base: 3.680000000000028
Kc_new: 3.7600000000000264
delta: 0.0799999999999983
predict_deriv_mean: -0.0425391679111808
predict_is_braess (sign>0): False
ground_truth_is_braess: True
prediction_correct: False
