edge: (7,14)
add_weight: 1.0
Kc_base: 3.160000000000039
Kc_new: 2.9700000000000433
delta: -0.18999999999999595
predict_deriv_mean: -1.098951975765107
predict_is_braess (sign>0): False
ground_truth_is_braess: False
prediction_correct: True
