edge: (3,11)
add_weight: 1.0
Kc_base: 1.3500000000000634
Kc_new: 1.4100000000000634
delta: 0.06000000000000005
predict_deriv_mean: 0.0763035547971237
predict_is_braess (sign>0): True
ground_truth_is_braess: True
prediction_correct: True
