edge: (7,8)
add_weight: 1.0
Kc_base: 0.5800000000000627
Kc_new: 0.5900000000000627
delta: 0.010000000000000009
predict_deriv_mean: -0.016912602658596176
predict_is_braess (sign>0): False
ground_truth_is_braess: True
prediction_correct: False
