edge: (6,13)
add_weight: 1.0
Kc_base: 1.1100000000000632
Kc_new: 1.1500000000000632
delta: 0.040000000000000036
predict_deriv_mean: -0.02131366802957313
predict_is_braess (sign>0): False
ground_truth_is_braess: True
prediction_correct: False
