edge: (2,12)
add_weight: 1.0
Kc_base: 1.3300000000000634
Kc_new: 2.000000000000064
delta: 0.6700000000000006
predict_deriv_mean: 0.8604122717331913
predict_is_braess (sign>0): True
ground_truth_is_braess: True
prediction_correct: True
