edge: (11,14)
add_weight: 1.0
Kc_base: 1.0900000000000631
Kc_new: 1.2500000000000633
delta: 0.16000000000000014
predict_deriv_mean: 0.0005586225561799996
predict_is_braess (sign>0): True
ground_truth_is_braess: True
prediction_correct: True
