edge: (0,10)
add_weight: 1.0
Kc_base: 0.920000000000063
Kc_new: 0.8600000000000629
delta: -0.06000000000000005
predict_deriv_mean: 0.29516077608904445
predict_is_braess (sign>0): True
ground_truth_is_braess: False
prediction_correct: False
