edge: (11,13)
add_weight: 1.0
Kc_base: 1.3500000000000634
Kc_new: 1.4400000000000635
delta: 0.09000000000000008
predict_deriv_mean: 0.11854179796760289
predict_is_braess (sign>0): True
ground_truth_is_braess: True
prediction_correct: True
