edge: (2,4)
add_weight: 1.0
Kc_base: 0.6500000000000627
Kc_new: 1.3100000000000633
delta: 0.6600000000000006
predict_deriv_mean: 0.8581955017286644
predict_is_braess (sign>0): True
ground_truth_is_braess: True
prediction_correct: True
