edge: (9,12)
add_weight: 1.0
Kc_base: 1.6100000000000636
Kc_new: 2.050000000000063
delta: 0.4399999999999993
predict_deriv_mean: 0.09072614491778075
predict_is_braess (sign>0): True
ground_truth_is_braess: True
prediction_correct: True
