run_id: run_2283238610938672187
graph_type: rgn
n: 13
K_start: 5.0
K_min: 0.4
K_step: 0.01
onset_eps: 0.05
onset_minrun: 3
add_weight: 1.0
edges_count: 16
seed_child: 2283238610938672187
seed_root: 7199181700644732218
code_version: 2025-10-10_single_edge_only_v3
timestamp: 2025-11-17T04:37:21.353520
graph_params_json: {"n": 13, "radius": 20.166520400827686, "box_size": 100.0, "weight_low": 1.0, "weight_high": 1.0}
