edge: (4,16)
add_weight: 1.0
Kc_base: 3.030000000000042
Kc_new: 3.1500000000000394
delta: 0.11999999999999744
predict_deriv_mean: 0.3366181104360292
predict_is_braess (sign>0): True
ground_truth_is_braess: True
prediction_correct: True
