edge: (10,15)
add_weight: 1.0
Kc_base: 1.0900000000000631
Kc_new: 1.5700000000000636
delta: 0.4800000000000004
predict_deriv_mean: 0.0009308525341291674
predict_is_braess (sign>0): True
ground_truth_is_braess: True
prediction_correct: True
