edge: (2,16)
add_weight: 1.0
Kc_base: 1.1800000000000632
Kc_new: 1.2500000000000633
delta: 0.07000000000000006
predict_deriv_mean: 0.05327548794348447
predict_is_braess (sign>0): True
ground_truth_is_braess: True
prediction_correct: True
