edge: (2,3)
add_weight: 1.0
Kc_base: 0.6900000000000628
Kc_new: 0.7000000000000628
delta: 0.010000000000000009
predict_deriv_mean: 0.005569770533258245
predict_is_braess (sign>0): True
ground_truth_is_braess: True
prediction_correct: True
