run_id: run_2313550431390968685
graph_type: er
n: 16
K_start: 5.0
K_min: 0.4
K_step: 0.01
onset_eps: 0.05
onset_minrun: 3
add_weight: 1.0
edges_count: 46
seed_child: 2313550431390968685
seed_root: 5567376058526621140
code_version: 2025-10-10_single_edge_only_v2
timestamp: 2025-10-10T14:12:23.465782
graph_params_json: {"n": 16, "p": 0.36914054145907377, "weight_low": 1.0, "weight_high": 1.0}
