edge: (3,11)
add_weight: 1.0
Kc_base: 1.5600000000000636
Kc_new: 2.7300000000000484
delta: 1.1699999999999848
predict_deriv_mean: 0.36285728356202507
predict_is_braess (sign>0): True
ground_truth_is_braess: True
prediction_correct: True
