edge: (6,13)
add_weight: 1.0
Kc_base: 1.3300000000000634
Kc_new: 1.2000000000000632
delta: -0.13000000000000012
predict_deriv_mean: 0.6564749010285631
predict_is_braess (sign>0): True
ground_truth_is_braess: False
prediction_correct: False
