edge: (12,15)
add_weight: 1.0
Kc_base: 2.7600000000000477
Kc_new: 2.7800000000000473
delta: 0.019999999999999574
predict_deriv_mean: -0.009487757039925326
predict_is_braess (sign>0): False
ground_truth_is_braess: True
prediction_correct: False
