edge: (0,10)
add_weight: 1.0
Kc_base: 1.1800000000000632
Kc_new: 1.0900000000000631
delta: -0.09000000000000008
predict_deriv_mean: -0.12410449561028436
predict_is_braess (sign>0): False
ground_truth_is_braess: False
prediction_correct: True
