edge: (3,14)
add_weight: 1.0
Kc_base: 1.5600000000000636
Kc_new: 2.280000000000058
delta: 0.7199999999999944
predict_deriv_mean: 0.4099202601721548
predict_is_braess (sign>0): True
ground_truth_is_braess: True
prediction_correct: True
