edge: (3,8)
add_weight: 1.0
Kc_base: 0.8200000000000629
Kc_new: 0.8300000000000629
delta: 0.010000000000000009
predict_deriv_mean: 0.18334424771485125
predict_is_braess (sign>0): True
ground_truth_is_braess: True
prediction_correct: True
