edge: (1,9)
add_weight: 1.0
Kc_base: 1.8500000000000638
Kc_new: 1.980000000000064
delta: 0.13000000000000012
predict_deriv_mean: 0.4712754835900057
predict_is_braess (sign>0): True
ground_truth_is_braess: True
prediction_correct: True
