edge: (7,8)
add_weight: 1.0
Kc_base: 2.930000000000044
Kc_new: 1.5500000000000635
delta: -1.3799999999999806
predict_deriv_mean: 2.166651118168031
predict_is_braess (sign>0): True
ground_truth_is_braess: False
prediction_correct: False
