edge: (3,18)
add_weight: 1.0
Kc_base: 3.030000000000042
Kc_new: 3.12000000000004
delta: 0.08999999999999808
predict_deriv_mean: 0.14585295048092128
predict_is_braess (sign>0): True
ground_truth_is_braess: True
prediction_correct: True
