edge: (5,16)
add_weight: 1.0
Kc_base: 4.710000000000006
Kc_new: 4.760000000000005
delta: 0.049999999999998934
predict_deriv_mean: -0.012004330842604632
predict_is_braess (sign>0): False
ground_truth_is_braess: True
prediction_correct: False
