edge: (6,15)
add_weight: 1.0
Kc_base: 1.3500000000000634
Kc_new: 1.4800000000000635
delta: 0.13000000000000012
predict_deriv_mean: 0.1729488565572419
predict_is_braess (sign>0): True
ground_truth_is_braess: True
prediction_correct: True
