edge: (0,8)
add_weight: 1.0
Kc_base: 1.6300000000000636
Kc_new: 1.4000000000000634
delta: -0.2300000000000002
predict_deriv_mean: -1.9597909903078556
predict_is_braess (sign>0): False
ground_truth_is_braess: False
prediction_correct: True
