edge: (10,12)
add_weight: 1.0
Kc_base: 1.5600000000000636
Kc_new: 2.130000000000061
delta: 0.5699999999999976
predict_deriv_mean: 0.19250198903990934
predict_is_braess (sign>0): True
ground_truth_is_braess: True
prediction_correct: True
