edge: (8,11)
add_weight: 1.0
Kc_base: 1.5300000000000635
Kc_new: 1.010000000000063
delta: -0.5200000000000005
predict_deriv_mean: -6.558150680417226
predict_is_braess (sign>0): False
ground_truth_is_braess: False
prediction_correct: True
