edge: (5,12)
add_weight: 1.0
Kc_base: 1.0900000000000631
Kc_new: 1.2600000000000633
delta: 0.17000000000000015
predict_deriv_mean: 0.0006074225102030706
predict_is_braess (sign>0): True
ground_truth_is_braess: True
prediction_correct: True
