edge: (0,8)
add_weight: 1.0
Kc_base: 0.900000000000063
Kc_new: 1.3600000000000634
delta: 0.4600000000000004
predict_deriv_mean: 1.8111240849921288
predict_is_braess (sign>0): True
ground_truth_is_braess: True
prediction_correct: True
