edge: (0,12)
add_weight: 1.0
Kc_base: 0.6800000000000628
Kc_new: 0.7200000000000628
delta: 0.040000000000000036
predict_deriv_mean: -0.08915838503971174
predict_is_braess (sign>0): False
ground_truth_is_braess: True
prediction_correct: False
