run_id: run_3769220071394580570
graph_type: er
n: 19
K_start: 5.0
K_min: 0.4
K_step: 0.01
onset_eps: 0.05
onset_minrun: 3
add_weight: 1.0
edges_count: 51
seed_child: 3769220071394580570
seed_root: 5567376058526621140
code_version: 2025-10-10_single_edge_only_v2
timestamp: 2025-10-10T14:11:30.041659
graph_params_json: {"n": 19, "p": 0.34536898034703434, "weight_low": 1.0, "weight_high": 1.0}
