edge: (0,5)
add_weight: 1.0
Kc_base: 1.3000000000000633
Kc_new: 1.3500000000000634
delta: 0.050000000000000044
predict_deriv_mean: -0.15803537842395032
predict_is_braess (sign>0): False
ground_truth_is_braess: True
prediction_correct: False
