edge: (9,12)
add_weight: 1.0
Kc_base: 2.370000000000056
Kc_new: 3.350000000000035
delta: 0.9799999999999791
predict_deriv_mean: 0.2085071032196292
predict_is_braess (sign>0): True
ground_truth_is_braess: True
prediction_correct: True
