edge: (6,11)
add_weight: 1.0
Kc_base: 1.8500000000000638
Kc_new: 2.6900000000000492
delta: 0.8399999999999854
predict_deriv_mean: 0.7132230684291759
predict_is_braess (sign>0): True
ground_truth_is_braess: True
prediction_correct: True
