edge: (0,13)
add_weight: 1.0
Kc_base: 1.5600000000000636
Kc_new: 1.7600000000000637
delta: 0.20000000000000018
predict_deriv_mean: -0.30348596175901954
predict_is_braess (sign>0): False
ground_truth_is_braess: True
prediction_correct: False
