edge: (2,9)
add_weight: 1.0
Kc_base: 3.680000000000028
Kc_new: 3.8600000000000243
delta: 0.17999999999999616
predict_deriv_mean: -0.01931281494423477
predict_is_braess (sign>0): False
ground_truth_is_braess: True
prediction_correct: False
