edge: (3,14)
add_weight: 1.0
Kc_base: 4.1800000000000175
Kc_new: 3.2000000000000384
delta: -0.9799999999999791
predict_deriv_mean: 1.0224593356517853
predict_is_braess (sign>0): True
ground_truth_is_braess: False
prediction_correct: False
