edge: (5,9)
add_weight: 1.0
Kc_base: 2.270000000000058
Kc_new: 2.7200000000000486
delta: 0.4499999999999904
predict_deriv_mean: 0.13902425966470866
predict_is_braess (sign>0): True
ground_truth_is_braess: True
prediction_correct: True
