edge: (3,18)
add_weight: 1.0
Kc_base: 2.370000000000056
Kc_new: 2.6900000000000492
delta: 0.3199999999999932
predict_deriv_mean: 0.02290651758152562
predict_is_braess (sign>0): True
ground_truth_is_braess: True
prediction_correct: True
