run_id: run_6297398277108277892
graph_type: rgn
n: 10
K_start: 5.0
K_min: 0.4
K_step: 0.01
onset_eps: 0.05
onset_minrun: 3
add_weight: 1.0
edges_count: 9
seed_child: 6297398277108277892
seed_root: 5567376058526621140
code_version: 2025-10-10_single_edge_only_v2
timestamp: 2025-10-10T14:13:15.754630
graph_params_json: {"n": 10, "radius": 22.677750955205266, "box_size": 100.0, "weight_low": 1.0, "weight_high": 1.0}
