edge: (5,9)
add_weight: 1.0
Kc_base: 1.3300000000000634
Kc_new: 1.4200000000000634
delta: 0.09000000000000008
predict_deriv_mean: 2.330449971123388
predict_is_braess (sign>0): True
ground_truth_is_braess: True
prediction_correct: True
