edge: (6,18)
add_weight: 1.0
Kc_base: 3.030000000000042
Kc_new: 3.1000000000000405
delta: 0.06999999999999851
predict_deriv_mean: 0.0343138625719237
predict_is_braess (sign>0): True
ground_truth_is_braess: True
prediction_correct: True
