edge: (7,9)
add_weight: 1.0
Kc_base: 3.160000000000039
Kc_new: 2.4400000000000546
delta: -0.7199999999999847
predict_deriv_mean: -1.9375353689478605
predict_is_braess (sign>0): False
ground_truth_is_braess: False
prediction_correct: True
