edge: (0,2)
add_weight: 1.0
Kc_base: 0.5800000000000627
Kc_new: 0.7300000000000628
delta: 0.15000000000000013
predict_deriv_mean: -0.07096273766069383
predict_is_braess (sign>0): False
ground_truth_is_braess: True
prediction_correct: False
