edge: (2,14)
add_weight: 1.0
Kc_base: 6.500000000000021
Kc_new: 6.520000000000021
delta: 0.019999999999999574
predict_deriv_mean: 0.011598149865247584
predict_is_braess (sign>0): True
ground_truth_is_braess: True
prediction_correct: True
