edge: (5,8)
add_weight: 1.0
Kc_base: 4.710000000000006
Kc_new: 4.750000000000005
delta: 0.03999999999999915
predict_deriv_mean: 0.0018332552324109574
predict_is_braess (sign>0): True
ground_truth_is_braess: True
prediction_correct: True
