edge: (5,7)
add_weight: 1.0
Kc_base: 0.7600000000000628
Kc_new: 0.7900000000000629
delta: 0.030000000000000027
predict_deriv_mean: 0.3146734248982235
predict_is_braess (sign>0): True
ground_truth_is_braess: True
prediction_correct: True
