edge: (0,5)
add_weight: 1.0
Kc_base: 5.14000000000005
Kc_new: 5.1800000000000495
delta: 0.03999999999999915
predict_deriv_mean: -0.14379388732222453
predict_is_braess (sign>0): False
ground_truth_is_braess: True
prediction_correct: False
