edge: (5,12)
add_weight: 1.0
Kc_base: 2.370000000000056
Kc_new: 3.270000000000037
delta: 0.8999999999999808
predict_deriv_mean: 0.16455433801150054
predict_is_braess (sign>0): True
ground_truth_is_braess: True
prediction_correct: True
