edge: (5,7)
add_weight: 1.0
Kc_base: 1.3300000000000634
Kc_new: 1.1000000000000631
delta: -0.2300000000000002
predict_deriv_mean: 0.6154759198794708
predict_is_braess (sign>0): True
ground_truth_is_braess: False
prediction_correct: False
