edge: (5,16)
add_weight: 1.0
Kc_base: 3.680000000000028
Kc_new: 3.7200000000000273
delta: 0.03999999999999915
predict_deriv_mean: -0.01880824942594128
predict_is_braess (sign>0): False
ground_truth_is_braess: True
prediction_correct: False
