edge: (1,2)
add_weight: 1.0
Kc_base: 3.160000000000039
Kc_new: 3.690000000000028
delta: 0.5299999999999887
predict_deriv_mean: 0.4988694365153744
predict_is_braess (sign>0): True
ground_truth_is_braess: True
prediction_correct: True
