run_id: run_194170928307047298
graph_type: er
n: 11
K_start: 5.0
K_min: 0.4
K_step: 0.01
onset_eps: 0.05
onset_minrun: 3
add_weight: 1.0
edges_count: 16
seed_child: 194170928307047298
seed_root: 7199181700644732218
code_version: 2025-10-10_single_edge_only_v3
timestamp: 2025-11-17T04:39:26.896206
graph_params_json: {"n": 11, "p": 0.3130162952481577, "weight_low": 1.0, "weight_high": 1.0}
