edge: (0,1)
add_weight: 1.0
Kc_base: 2.0200000000000635
Kc_new: 2.2100000000000595
delta: 0.18999999999999595
predict_deriv_mean: -0.0969839998570452
predict_is_braess (sign>0): False
ground_truth_is_braess: True
prediction_correct: False
