edge: (2,6)
add_weight: 1.0
Kc_base: 1.8500000000000638
Kc_new: 1.970000000000064
delta: 0.1200000000000001
predict_deriv_mean: 0.7236611159371362
predict_is_braess (sign>0): True
ground_truth_is_braess: True
prediction_correct: True
