edge: (12,18)
add_weight: 1.0
Kc_base: 1.3300000000000634
Kc_new: 1.2300000000000633
delta: -0.10000000000000009
predict_deriv_mean: 0.8439290350664471
predict_is_braess (sign>0): True
ground_truth_is_braess: False
prediction_correct: False
