edge: (7,12)
add_weight: 1.0
Kc_base: 1.0900000000000631
Kc_new: 1.1400000000000632
delta: 0.050000000000000044
predict_deriv_mean: 0.00022750248577607657
predict_is_braess (sign>0): True
ground_truth_is_braess: True
prediction_correct: True
