run_id: run_2284479292144502879
graph_type: er
n: 10
K_start: 5.0
K_min: 0.4
K_step: 0.01
onset_eps: 0.05
onset_minrun: 3
add_weight: 1.0
edges_count: 19
seed_child: 2284479292144502879
seed_root: 7199181700644732218
code_version: 2025-10-10_single_edge_only_v3
timestamp: 2025-11-17T04:35:36.880927
graph_params_json: {"n": 10, "p": 0.39813255042848017, "weight_low": 1.0, "weight_high": 1.0}
