edge: (0,7)
add_weight: 1.0
Kc_base: 0.6100000000000627
Kc_new: 0.7100000000000628
delta: 0.10000000000000009
predict_deriv_mean: 0.04484806768408656
predict_is_braess (sign>0): True
ground_truth_is_braess: True
prediction_correct: True
