run_id: run_8781698399585637671
graph_type: rgn
n: 19
K_start: 5.0
K_min: 0.4
K_step: 0.01
onset_eps: 0.05
onset_minrun: 3
add_weight: 1.0
edges_count: 24
seed_child: 8781698399585637671
seed_root: 5567376058526621140
code_version: 2025-10-10_single_edge_only_v2
timestamp: 2025-10-10T14:11:13.834231
graph_params_json: {"n": 19, "radius": 25.116180471283243, "box_size": 100.0, "weight_low": 1.0, "weight_high": 1.0}
