edge: (8,13)
add_weight: 1.0
Kc_base: 3.030000000000042
Kc_new: 3.1000000000000405
delta: 0.06999999999999851
predict_deriv_mean: 0.29245345369584974
predict_is_braess (sign>0): True
ground_truth_is_braess: True
prediction_correct: True
