edge: (1,4)
add_weight: 1.0
Kc_base: 0.960000000000063
Kc_new: 1.990000000000064
delta: 1.030000000000001
predict_deriv_mean: -4.172732459980599
predict_is_braess (sign>0): False
ground_truth_is_braess: True
prediction_correct: False
