edge: (0,4)
add_weight: 1.0
Kc_base: 0.6100000000000627
Kc_new: 0.6200000000000627
delta: 0.010000000000000009
predict_deriv_mean: -0.004849524943188577
predict_is_braess (sign>0): False
ground_truth_is_braess: True
prediction_correct: False
