edge: (9,15)
add_weight: 1.0
Kc_base: 3.080000000000041
Kc_new: 3.160000000000039
delta: 0.0799999999999983
predict_deriv_mean: -0.03878049162236967
predict_is_braess (sign>0): False
ground_truth_is_braess: True
prediction_correct: False
