edge: (9,12)
add_weight: 1.0
Kc_base: 3.080000000000041
Kc_new: 3.170000000000039
delta: 0.08999999999999808
predict_deriv_mean: -0.0510402033357926
predict_is_braess (sign>0): False
ground_truth_is_braess: True
prediction_correct: False
