edge: (6,18)
add_weight: 1.0
Kc_base: 2.370000000000056
Kc_new: 2.66000000000005
delta: 0.2899999999999938
predict_deriv_mean: -0.047113675713946646
predict_is_braess (sign>0): False
ground_truth_is_braess: True
prediction_correct: False
