edge: (0,5)
add_weight: 1.0
Kc_base: 3.030000000000042
Kc_new: 3.5600000000000307
delta: 0.5299999999999887
predict_deriv_mean: -0.18884179543662338
predict_is_braess (sign>0): False
ground_truth_is_braess: True
prediction_correct: False
