edge: (5,16)
add_weight: 1.0
Kc_base: 1.3300000000000634
Kc_new: 2.940000000000044
delta: 1.6099999999999806
predict_deriv_mean: -3.152136076969525
predict_is_braess (sign>0): False
ground_truth_is_braess: True
prediction_correct: False
