edge: (13,14)
add_weight: 1.0
Kc_base: 6.500000000000021
Kc_new: 6.57000000000002
delta: 0.06999999999999851
predict_deriv_mean: 0.008728435913466545
predict_is_braess (sign>0): True
ground_truth_is_braess: True
prediction_correct: True
