edge: (0,3)
add_weight: 1.0
Kc_base: 3.4700000000000326
Kc_new: 3.3800000000000345
delta: -0.08999999999999808
predict_deriv_mean: -0.41857596873061764
predict_is_braess (sign>0): False
ground_truth_is_braess: False
prediction_correct: True
