edge: (12,14)
add_weight: 1.0
Kc_base: 2.370000000000056
Kc_new: 3.0500000000000416
delta: 0.6799999999999855
predict_deriv_mean: 0.393732980884958
predict_is_braess (sign>0): True
ground_truth_is_braess: True
prediction_correct: True
