edge: (11,13)
add_weight: 1.0
Kc_base: 2.370000000000056
Kc_new: 2.460000000000054
delta: 0.08999999999999808
predict_deriv_mean: -0.009046991590029752
predict_is_braess (sign>0): False
ground_truth_is_braess: True
prediction_correct: False
