edge: (8,14)
add_weight: 1.0
Kc_base: 2.740000000000048
Kc_new: 3.180000000000039
delta: 0.4399999999999906
predict_deriv_mean: 0.15456198148972033
predict_is_braess (sign>0): True
ground_truth_is_braess: True
prediction_correct: True
