edge: (0,6)
add_weight: 1.0
Kc_base: 1.2500000000000633
Kc_new: 4.810000000000004
delta: 3.559999999999941
predict_deriv_mean: 0.0010193669062514843
predict_is_braess (sign>0): True
ground_truth_is_braess: True
prediction_correct: True
