edge: (1,11)
add_weight: 1.0
Kc_base: 5.14000000000005
Kc_new: 5.16000000000005
delta: 0.019999999999999574
predict_deriv_mean: -1.831577081263206
predict_is_braess (sign>0): False
ground_truth_is_braess: True
prediction_correct: False
