edge: (0,9)
add_weight: 1.0
Kc_base: 0.6800000000000628
Kc_new: 0.7100000000000628
delta: 0.030000000000000027
predict_deriv_mean: -0.09160659705709451
predict_is_braess (sign>0): False
ground_truth_is_braess: True
prediction_correct: False
