edge: (5,9)
add_weight: 1.0
Kc_base: 1.0900000000000631
Kc_new: 1.3600000000000634
delta: 0.27000000000000024
predict_deriv_mean: 0.0006807245039734955
predict_is_braess (sign>0): True
ground_truth_is_braess: True
prediction_correct: True
