edge: (1,8)
add_weight: 1.0
Kc_base: 0.960000000000063
Kc_new: 0.960000000000063
delta: 0.0
predict_deriv_mean: -4.17255077803874
predict_is_braess (sign>0): False
ground_truth_is_braess: False
prediction_correct: True
