edge: (7,12)
add_weight: 1.0
Kc_base: 1.8500000000000638
Kc_new: 1.9000000000000639
delta: 0.050000000000000044
predict_deriv_mean: -0.03005079346637829
predict_is_braess (sign>0): False
ground_truth_is_braess: True
prediction_correct: False
