run_id: run_5638086455627607159
graph_type: er
n: 15
K_start: 5.0
K_min: 0.4
K_step: 0.01
onset_eps: 0.05
onset_minrun: 3
add_weight: 1.0
edges_count: 42
seed_child: 5638086455627607159
seed_root: 5567376058526621140
code_version: 2025-10-10_single_edge_only_v2
timestamp: 2025-10-10T14:10:55.646696
graph_params_json: {"n": 15, "p": 0.40144466457911465, "weight_low": 1.0, "weight_high": 1.0}
