run_id: run_3603164799348666708
graph_type: er
n: 11
K_start: 5.0
K_min: 0.4
K_step: 0.01
onset_eps: 0.05
onset_minrun: 3
add_weight: 1.0
edges_count: 16
seed_child: 3603164799348666708
seed_root: 5567376058526621140
code_version: 2025-10-10_single_edge_only_v2
timestamp: 2025-10-10T14:11:53.669357
graph_params_json: {"n": 11, "p": 0.32972129736982214, "weight_low": 1.0, "weight_high": 1.0}
