edge: (10,14)
add_weight: 1.0
Kc_base: 1.030000000000063
Kc_new: 1.050000000000063
delta: 0.020000000000000018
predict_deriv_mean: 0.04631020454474655
predict_is_braess (sign>0): True
ground_truth_is_braess: True
prediction_correct: True
