edge: (4,14)
add_weight: 1.0
Kc_base: 3.680000000000028
Kc_new: 3.730000000000027
delta: 0.049999999999998934
predict_deriv_mean: -0.012433105780151929
predict_is_braess (sign>0): False
ground_truth_is_braess: True
prediction_correct: False
