edge: (0,6)
add_weight: 1.0
Kc_base: 2.0200000000000635
Kc_new: 2.6900000000000492
delta: 0.6699999999999857
predict_deriv_mean: -0.14875810000854162
predict_is_braess (sign>0): False
ground_truth_is_braess: True
prediction_correct: False
