edge: (0,9)
add_weight: 1.0
Kc_base: 0.6100000000000627
Kc_new: 0.900000000000063
delta: 0.29000000000000026
predict_deriv_mean: 0.015863858295015465
predict_is_braess (sign>0): True
ground_truth_is_braess: True
prediction_correct: True
