edge: (8,11)
add_weight: 1.0
Kc_base: 2.370000000000056
Kc_new: 3.0100000000000424
delta: 0.6399999999999864
predict_deriv_mean: -0.11546458697450013
predict_is_braess (sign>0): False
ground_truth_is_braess: True
prediction_correct: False
