edge: (5,16)
add_weight: 1.0
Kc_base: 1.1800000000000632
Kc_new: 1.2200000000000633
delta: 0.040000000000000036
predict_deriv_mean: -0.0014360786540490444
predict_is_braess (sign>0): False
ground_truth_is_braess: True
prediction_correct: False
