edge: (0,12)
add_weight: 1.0
Kc_base: 1.3300000000000634
Kc_new: 2.7200000000000486
delta: 1.3899999999999852
predict_deriv_mean: 0.5893540085727007
predict_is_braess (sign>0): True
ground_truth_is_braess: True
prediction_correct: True
