edge: (10,16)
add_weight: 1.0
Kc_base: 2.840000000000046
Kc_new: 2.8600000000000456
delta: 0.019999999999999574
predict_deriv_mean: 0.04357701113890523
predict_is_braess (sign>0): True
ground_truth_is_braess: True
prediction_correct: True
