edge: (0,6)
add_weight: 1.0
Kc_base: 1.8100000000000638
Kc_new: 1.6800000000000637
delta: -0.13000000000000012
predict_deriv_mean: -0.07233175407201431
predict_is_braess (sign>0): False
ground_truth_is_braess: False
prediction_correct: True
