edge: (6,13)
add_weight: 1.0
Kc_base: 2.370000000000056
Kc_new: 3.400000000000034
delta: 1.029999999999978
predict_deriv_mean: 0.15917649745917617
predict_is_braess (sign>0): True
ground_truth_is_braess: True
prediction_correct: True
