edge: (12,16)
add_weight: 1.0
Kc_base: 1.3300000000000634
Kc_new: 4.020000000000021
delta: 2.6899999999999578
predict_deriv_mean: 0.7817886812956383
predict_is_braess (sign>0): True
ground_truth_is_braess: True
prediction_correct: True
