edge: (5,7)
add_weight: 1.0
Kc_base: 0.8600000000000629
Kc_new: 1.6300000000000636
delta: 0.7700000000000007
predict_deriv_mean: 0.23766446010793585
predict_is_braess (sign>0): True
ground_truth_is_braess: True
prediction_correct: True
