run_id: run_1781025002139718104
graph_type: er
n: 10
K_start: 5.0
K_min: 0.4
K_step: 0.01
onset_eps: 0.05
onset_minrun: 3
add_weight: 1.0
edges_count: 16
seed_child: 1781025002139718104
seed_root: 7199181700644732218
code_version: 2025-10-10_single_edge_only_v3
timestamp: 2025-11-17T04:40:25.979661
graph_params_json: {"n": 10, "p": 0.29680829148568433, "weight_low": 1.0, "weight_high": 1.0}
