edge: (0,10)
add_weight: 1.0
Kc_base: 2.370000000000056
Kc_new: 2.5000000000000533
delta: 0.12999999999999723
predict_deriv_mean: -0.5739776294935167
predict_is_braess (sign>0): False
ground_truth_is_braess: True
prediction_correct: False
