edge: (4,9)
add_weight: 1.0
Kc_base: 1.2000000000000632
Kc_new: 1.2700000000000633
delta: 0.07000000000000006
predict_deriv_mean: 0.11789194176971107
predict_is_braess (sign>0): True
ground_truth_is_braess: True
prediction_correct: True
