run_id: run_477927275146445187
graph_type: er
n: 17
K_start: 5.0
K_min: 0.4
K_step: 0.01
onset_eps: 0.05
onset_minrun: 3
add_weight: 1.0
edges_count: 57
seed_child: 477927275146445187
seed_root: 5567376058526621140
code_version: 2025-10-10_single_edge_only_v2
timestamp: 2025-10-10T14:12:01.307237
graph_params_json: {"n": 17, "p": 0.44248226510628896, "weight_low": 1.0, "weight_high": 1.0}
