edge: (0,7)
add_weight: 1.0
Kc_base: 1.6100000000000636
Kc_new: 3.0500000000000416
delta: 1.439999999999978
predict_deriv_mean: 0.047354110529816085
predict_is_braess (sign>0): True
ground_truth_is_braess: True
prediction_correct: True
