edge: (1,11)
add_weight: 1.0
Kc_base: 1.5300000000000635
Kc_new: 1.7000000000000637
delta: 0.17000000000000015
predict_deriv_mean: 0.12758912243489373
predict_is_braess (sign>0): True
ground_truth_is_braess: True
prediction_correct: True
