edge: (4,5)
add_weight: 1.0
Kc_base: 1.3300000000000634
Kc_new: 1.5000000000000635
delta: 0.17000000000000015
predict_deriv_mean: 0.5568058966256683
predict_is_braess (sign>0): True
ground_truth_is_braess: True
prediction_correct: True
