edge: (0,3)
add_weight: 1.0
Kc_base: 2.6900000000000492
Kc_new: 2.6900000000000492
delta: 0.0
predict_deriv_mean: -1.5269932611630288
predict_is_braess (sign>0): False
ground_truth_is_braess: False
prediction_correct: True
