edge: (7,10)
add_weight: 1.0
Kc_base: 1.8500000000000638
Kc_new: 2.1700000000000603
delta: 0.3199999999999965
predict_deriv_mean: -0.7601323245666693
predict_is_braess (sign>0): False
ground_truth_is_braess: True
prediction_correct: False
