edge: (0,3)
add_weight: 1.0
Kc_base: 0.6500000000000627
Kc_new: 0.6700000000000628
delta: 0.020000000000000018
predict_deriv_mean: 1.1650538145214218
predict_is_braess (sign>0): True
ground_truth_is_braess: True
prediction_correct: True
