edge: (5,11)
add_weight: 1.0
Kc_base: 1.1800000000000632
Kc_new: 1.1900000000000632
delta: 0.010000000000000009
predict_deriv_mean: -0.015196584743117247
predict_is_braess (sign>0): False
ground_truth_is_braess: True
prediction_correct: False
