edge: (2,7)
add_weight: 1.0
Kc_base: 0.6500000000000627
Kc_new: 0.6500000000000627
delta: 0.0
predict_deriv_mean: 1.4819516179618621
predict_is_braess (sign>0): True
ground_truth_is_braess: False
prediction_correct: False
