edge: (3,10)
add_weight: 1.0
Kc_base: 1.8100000000000638
Kc_new: 1.8200000000000638
delta: 0.010000000000000009
predict_deriv_mean: -0.13911517168238985
predict_is_braess (sign>0): False
ground_truth_is_braess: True
prediction_correct: False
