run_id: run_3507791278702611220
graph_type: rgn
n: 15
K_start: 5.0
K_min: 0.4
K_step: 0.01
onset_eps: 0.05
onset_minrun: 3
add_weight: 1.0
edges_count: 18
seed_child: 3507791278702611220
seed_root: 7199181700644732218
code_version: 2025-10-10_single_edge_only_v3
timestamp: 2025-11-17T04:42:57.414871
graph_params_json: {"n": 15, "radius": 25.56146989750236, "box_size": 100.0, "weight_low": 1.0, "weight_high": 1.0}
