edge: (4,11)
add_weight: 1.0
Kc_base: 4.1800000000000175
Kc_new: 4.200000000000017
delta: 0.019999999999999574
predict_deriv_mean: 0.07397258034347665
predict_is_braess (sign>0): True
ground_truth_is_braess: True
prediction_correct: True
