edge: (0,12)
add_weight: 1.0
Kc_base: 2.740000000000048
Kc_new: 3.12000000000004
delta: 0.3799999999999919
predict_deriv_mean: -2.18570625531092
predict_is_braess (sign>0): False
ground_truth_is_braess: True
prediction_correct: False
