edge: (3,6)
add_weight: 1.0
Kc_base: 2.930000000000044
Kc_new: 1.4200000000000634
delta: -1.5099999999999807
predict_deriv_mean: -1.5155221107143029
predict_is_braess (sign>0): False
ground_truth_is_braess: False
prediction_correct: True
