edge: (10,11)
add_weight: 1.0
Kc_base: 1.3300000000000634
Kc_new: 1.3700000000000634
delta: 0.040000000000000036
predict_deriv_mean: 2.647149739965875
predict_is_braess (sign>0): True
ground_truth_is_braess: True
prediction_correct: True
