edge: (0,2)
add_weight: 1.0
Kc_base: 1.3300000000000634
Kc_new: 1.3400000000000634
delta: 0.010000000000000009
predict_deriv_mean: -0.016539016009229246
predict_is_braess (sign>0): False
ground_truth_is_braess: True
prediction_correct: False
