edge: (6,7)
add_weight: 1.0
Kc_base: 1.8500000000000638
Kc_new: 2.0200000000000635
delta: 0.1699999999999997
predict_deriv_mean: 0.6337161157676219
predict_is_braess (sign>0): True
ground_truth_is_braess: True
prediction_correct: True
