edge: (1,8)
add_weight: 1.0
Kc_base: 1.0900000000000631
Kc_new: 1.1600000000000632
delta: 0.07000000000000006
predict_deriv_mean: 0.00022748310174525166
predict_is_braess (sign>0): True
ground_truth_is_braess: True
prediction_correct: True
