edge: (0,13)
add_weight: 1.0
Kc_base: 3.030000000000042
Kc_new: 3.3300000000000356
delta: 0.2999999999999936
predict_deriv_mean: -0.23841296405332182
predict_is_braess (sign>0): False
ground_truth_is_braess: True
prediction_correct: False
