edge: (0,8)
add_weight: 1.0
Kc_base: 0.8100000000000629
Kc_new: 0.880000000000063
delta: 0.07000000000000006
predict_deriv_mean: 1.6734690554295752
predict_is_braess (sign>0): True
ground_truth_is_braess: True
prediction_correct: True
