run_id: run_1375956388299862821
graph_type: rgn
n: 19
K_start: 5.0
K_min: 0.4
K_step: 0.01
onset_eps: 0.05
onset_minrun: 3
add_weight: 1.0
edges_count: 35
seed_child: 1375956388299862821
seed_root: 7199181700644732218
code_version: 2025-10-10_single_edge_only_v3
timestamp: 2025-11-17T04:43:56.112508
graph_params_json: {"n": 19, "radius": 25.25626639744391, "box_size": 100.0, "weight_low": 1.0, "weight_high": 1.0}
