edge: (1,16)
add_weight: 1.0
Kc_base: 2.370000000000056
Kc_new: 3.1100000000000403
delta: 0.7399999999999842
predict_deriv_mean: 0.20185979546011587
predict_is_braess (sign>0): True
ground_truth_is_braess: True
prediction_correct: True
