edge: (1,2)
add_weight: 1.0
Kc_base: 1.0900000000000631
Kc_new: 1.2900000000000633
delta: 0.20000000000000018
predict_deriv_mean: 0.0005668845350912388
predict_is_braess (sign>0): True
ground_truth_is_braess: True
prediction_correct: True
