edge: (6,11)
add_weight: 1.0
Kc_base: 3.160000000000039
Kc_new: 3.160000000000039
delta: 0.0
predict_deriv_mean: -2.6204742078205534
predict_is_braess (sign>0): False
ground_truth_is_braess: False
prediction_correct: True
