edge: (8,16)
add_weight: 1.0
Kc_base: 1.1800000000000632
Kc_new: 1.2800000000000633
delta: 0.10000000000000009
predict_deriv_mean: 0.06970160308955253
predict_is_braess (sign>0): True
ground_truth_is_braess: True
prediction_correct: True
