edge: (4,12)
add_weight: 1.0
Kc_base: 2.370000000000056
Kc_new: 3.360000000000035
delta: 0.9899999999999789
predict_deriv_mean: 0.19770854886928402
predict_is_braess (sign>0): True
ground_truth_is_braess: True
prediction_correct: True
