edge: (2,3)
add_weight: 1.0
Kc_base: 3.160000000000039
Kc_new: 3.690000000000028
delta: 0.5299999999999887
predict_deriv_mean: -0.9538865868384905
predict_is_braess (sign>0): False
ground_truth_is_braess: True
prediction_correct: False
