edge: (3,11)
add_weight: 1.0
Kc_base: 1.8500000000000638
Kc_new: 2.1500000000000608
delta: 0.29999999999999694
predict_deriv_mean: 0.1578785218475518
predict_is_braess (sign>0): True
ground_truth_is_braess: True
prediction_correct: True
