edge: (13,15)
add_weight: 1.0
Kc_base: 2.370000000000056
Kc_new: 3.3900000000000343
delta: 1.0199999999999783
predict_deriv_mean: 0.16055380737099267
predict_is_braess (sign>0): True
ground_truth_is_braess: True
prediction_correct: True
