edge: (17,18)
add_weight: 1.0
Kc_base: 2.370000000000056
Kc_new: 2.560000000000052
delta: 0.18999999999999595
predict_deriv_mean: -3.6225637261289796
predict_is_braess (sign>0): False
ground_truth_is_braess: True
prediction_correct: False
