edge: (2,4)
add_weight: 1.0
Kc_base: 1.8500000000000638
Kc_new: 1.9300000000000639
delta: 0.08000000000000007
predict_deriv_mean: 0.4217335550018064
predict_is_braess (sign>0): True
ground_truth_is_braess: True
prediction_correct: True
