edge: (3,10)
add_weight: 1.0
Kc_base: 3.160000000000039
Kc_new: 4.140000000000018
delta: 0.9799999999999791
predict_deriv_mean: -2.257017977121263
predict_is_braess (sign>0): False
ground_truth_is_braess: True
prediction_correct: False
