edge: (0,11)
add_weight: 1.0
Kc_base: 1.5600000000000636
Kc_new: 3.780000000000026
delta: 2.2199999999999624
predict_deriv_mean: -0.9129048227152567
predict_is_braess (sign>0): False
ground_truth_is_braess: True
prediction_correct: False
