edge: (9,18)
add_weight: 1.0
Kc_base: 2.270000000000058
Kc_new: 2.4000000000000554
delta: 0.12999999999999723
predict_deriv_mean: 0.23181059397193438
predict_is_braess (sign>0): True
ground_truth_is_braess: True
prediction_correct: True
