edge: (3,8)
add_weight: 1.0
Kc_base: 0.6500000000000627
Kc_new: 1.7200000000000637
delta: 1.070000000000001
predict_deriv_mean: 1.8233751571016428
predict_is_braess (sign>0): True
ground_truth_is_braess: True
prediction_correct: True
