edge: (7,10)
add_weight: 1.0
Kc_base: 3.160000000000039
Kc_new: 3.160000000000039
delta: 0.0
predict_deriv_mean: -0.9659953221017041
predict_is_braess (sign>0): False
ground_truth_is_braess: False
prediction_correct: True
