edge: (2,6)
add_weight: 1.0
Kc_base: 0.6500000000000627
Kc_new: 1.2300000000000633
delta: 0.5800000000000005
predict_deriv_mean: 1.7659714375872841
predict_is_braess (sign>0): True
ground_truth_is_braess: True
prediction_correct: True
