edge: (2,9)
add_weight: 1.0
Kc_base: 2.270000000000058
Kc_new: 2.6200000000000507
delta: 0.34999999999999254
predict_deriv_mean: 0.17725242112312944
predict_is_braess (sign>0): True
ground_truth_is_braess: True
prediction_correct: True
