edge: (4,18)
add_weight: 1.0
Kc_base: 2.840000000000046
Kc_new: 2.8700000000000454
delta: 0.02999999999999936
predict_deriv_mean: 0.0029746259040784734
predict_is_braess (sign>0): True
ground_truth_is_braess: True
prediction_correct: True
