edge: (9,12)
add_weight: 1.0
Kc_base: 3.680000000000028
Kc_new: 3.830000000000025
delta: 0.1499999999999968
predict_deriv_mean: -0.05268487659476735
predict_is_braess (sign>0): False
ground_truth_is_braess: True
prediction_correct: False
