edge: (5,6)
add_weight: 1.0
Kc_base: 1.8500000000000638
Kc_new: 1.990000000000064
delta: 0.14000000000000012
predict_deriv_mean: 0.7011583552492178
predict_is_braess (sign>0): True
ground_truth_is_braess: True
prediction_correct: True
