edge: (0,12)
add_weight: 1.0
Kc_base: 0.900000000000063
Kc_new: 1.1000000000000631
delta: 0.20000000000000018
predict_deriv_mean: -4.598816126016247
predict_is_braess (sign>0): False
ground_truth_is_braess: True
prediction_correct: False
