edge: (13,16)
add_weight: 1.0
Kc_base: 3.030000000000042
Kc_new: 3.1400000000000396
delta: 0.10999999999999766
predict_deriv_mean: 0.3814756360101864
predict_is_braess (sign>0): True
ground_truth_is_braess: True
prediction_correct: True
