edge: (8,16)
add_weight: 1.0
Kc_base: 3.030000000000042
Kc_new: 3.0500000000000416
delta: 0.019999999999999574
predict_deriv_mean: 0.03167966537725786
predict_is_braess (sign>0): True
ground_truth_is_braess: True
prediction_correct: True
