run_id: run_1792214957383987112
graph_type: rgn
n: 18
K_start: 5.0
K_min: 0.4
K_step: 0.01
onset_eps: 0.05
onset_minrun: 3
add_weight: 1.0
edges_count: 23
seed_child: 1792214957383987112
seed_root: 7199181700644732218
code_version: 2025-10-10_single_edge_only_v3
timestamp: 2025-11-17T04:31:28.893208
graph_params_json: {"n": 18, "radius": 22.163479974391564, "box_size": 100.0, "weight_low": 1.0, "weight_high": 1.0}
