edge: (11,15)
add_weight: 1.0
Kc_base: 1.8500000000000638
Kc_new: 1.8600000000000638
delta: 0.010000000000000009
predict_deriv_mean: 0.0454551171916342
predict_is_braess (sign>0): True
ground_truth_is_braess: True
prediction_correct: True
