edge: (12,16)
add_weight: 1.0
Kc_base: 2.370000000000056
Kc_new: 3.3300000000000356
delta: 0.9599999999999795
predict_deriv_mean: 0.22782925532891762
predict_is_braess (sign>0): True
ground_truth_is_braess: True
prediction_correct: True
