edge: (15,18)
add_weight: 1.0
Kc_base: 2.370000000000056
Kc_new: 2.65000000000005
delta: 0.27999999999999403
predict_deriv_mean: -0.060626185567469015
predict_is_braess (sign>0): False
ground_truth_is_braess: True
prediction_correct: False
