edge: (3,5)
add_weight: 1.0
Kc_base: 2.930000000000044
Kc_new: 2.370000000000056
delta: -0.5599999999999881
predict_deriv_mean: -2.142763369510939
predict_is_braess (sign>0): False
ground_truth_is_braess: False
prediction_correct: True
