edge: (0,8)
add_weight: 1.0
Kc_base: 2.370000000000056
Kc_new: 2.600000000000051
delta: 0.2299999999999951
predict_deriv_mean: -0.6140653827738303
predict_is_braess (sign>0): False
ground_truth_is_braess: True
prediction_correct: False
