edge: (1,15)
add_weight: 1.0
Kc_base: 3.080000000000041
Kc_new: 3.180000000000039
delta: 0.09999999999999787
predict_deriv_mean: -0.04628432228788064
predict_is_braess (sign>0): False
ground_truth_is_braess: True
prediction_correct: False
