edge: (0,11)
add_weight: 1.0
Kc_base: 0.960000000000063
Kc_new: 1.0600000000000631
delta: 0.10000000000000009
predict_deriv_mean: -4.16214540343737
predict_is_braess (sign>0): False
ground_truth_is_braess: True
prediction_correct: False
