edge: (3,12)
add_weight: 1.0
Kc_base: 3.680000000000028
Kc_new: 3.7100000000000275
delta: 0.02999999999999936
predict_deriv_mean: -0.027506708500023014
predict_is_braess (sign>0): False
ground_truth_is_braess: True
prediction_correct: False
