edge: (9,18)
add_weight: 1.0
Kc_base: 2.370000000000056
Kc_new: 2.700000000000049
delta: 0.32999999999999297
predict_deriv_mean: 0.018895784585930442
predict_is_braess (sign>0): True
ground_truth_is_braess: True
prediction_correct: True
