edge: (7,11)
add_weight: 1.0
Kc_base: 2.370000000000056
Kc_new: 2.990000000000043
delta: 0.6199999999999868
predict_deriv_mean: -0.1337683051333266
predict_is_braess (sign>0): False
ground_truth_is_braess: True
prediction_correct: False
