edge: (0,12)
add_weight: 1.0
Kc_base: 1.1800000000000632
Kc_new: 0.920000000000063
delta: -0.26000000000000023
predict_deriv_mean: 0.01836539683755478
predict_is_braess (sign>0): True
ground_truth_is_braess: False
prediction_correct: False
