edge: (7,14)
add_weight: 1.0
Kc_base: 2.090000000000062
Kc_new: 2.100000000000062
delta: 0.009999999999999787
predict_deriv_mean: 0.8180525963464877
predict_is_braess (sign>0): True
ground_truth_is_braess: True
prediction_correct: True
