edge: (0,9)
add_weight: 1.0
Kc_base: 1.1800000000000632
Kc_new: 2.1200000000000614
delta: 0.9399999999999982
predict_deriv_mean: -0.03312286046775004
predict_is_braess (sign>0): False
ground_truth_is_braess: True
prediction_correct: False
