edge: (8,9)
add_weight: 1.0
Kc_base: 4.710000000000006
Kc_new: 4.720000000000006
delta: 0.009999999999999787
predict_deriv_mean: 1.5848130955924706
predict_is_braess (sign>0): True
ground_truth_is_braess: True
prediction_correct: True
