edge: (0,14)
add_weight: 1.0
Kc_base: 1.5600000000000636
Kc_new: 1.7700000000000637
delta: 0.2100000000000002
predict_deriv_mean: -0.2838010446355259
predict_is_braess (sign>0): False
ground_truth_is_braess: True
prediction_correct: False
