edge: (5,6)
add_weight: 1.0
Kc_base: 4.710000000000006
Kc_new: 4.850000000000003
delta: 0.13999999999999702
predict_deriv_mean: 1.6980230425327592
predict_is_braess (sign>0): True
ground_truth_is_braess: True
prediction_correct: True
