edge: (0,15)
add_weight: 1.0
Kc_base: 2.270000000000058
Kc_new: 1.6000000000000636
delta: -0.6699999999999946
predict_deriv_mean: -4.689217128851739
predict_is_braess (sign>0): False
ground_truth_is_braess: False
prediction_correct: True
