edge: (6,9)
add_weight: 1.0
Kc_base: 2.740000000000048
Kc_new: 2.740000000000048
delta: 0.0
predict_deriv_mean: -0.00020289089337566235
predict_is_braess (sign>0): False
ground_truth_is_braess: False
prediction_correct: True
