edge: (6,7)
add_weight: 1.0
Kc_base: 4.710000000000006
Kc_new: 4.830000000000004
delta: 0.11999999999999744
predict_deriv_mean: -0.06036712974129599
predict_is_braess (sign>0): False
ground_truth_is_braess: True
prediction_correct: False
