edge: (0,15)
add_weight: 1.0
Kc_base: 0.8000000000000629
Kc_new: 0.8200000000000629
delta: 0.020000000000000018
predict_deriv_mean: 0.05018605530347653
predict_is_braess (sign>0): True
ground_truth_is_braess: True
prediction_correct: True
