edge: (0,1)
add_weight: 1.0
Kc_base: 1.6100000000000636
Kc_new: 2.600000000000051
delta: 0.9899999999999876
predict_deriv_mean: -3.826934190737667
predict_is_braess (sign>0): False
ground_truth_is_braess: True
prediction_correct: False
