edge: (8,9)
add_weight: 1.0
Kc_base: 3.080000000000041
Kc_new: 3.13000000000004
delta: 0.049999999999998934
predict_deriv_mean: -0.016628582466831507
predict_is_braess (sign>0): False
ground_truth_is_braess: True
prediction_correct: False
