edge: (1,8)
add_weight: 1.0
Kc_base: 0.6400000000000627
Kc_new: 1.0800000000000631
delta: 0.4400000000000004
predict_deriv_mean: 0.018362923840719025
predict_is_braess (sign>0): True
ground_truth_is_braess: True
prediction_correct: True
