edge: (3,7)
add_weight: 1.0
Kc_base: 3.030000000000042
Kc_new: 3.0900000000000407
delta: 0.05999999999999872
predict_deriv_mean: 0.10597352819377392
predict_is_braess (sign>0): True
ground_truth_is_braess: True
prediction_correct: True
