edge: (1,6)
add_weight: 1.0
Kc_base: 2.740000000000048
Kc_new: 3.1900000000000386
delta: 0.4499999999999904
predict_deriv_mean: -0.037155684457439775
predict_is_braess (sign>0): False
ground_truth_is_braess: True
prediction_correct: False
