edge: (3,4)
add_weight: 1.0
Kc_base: 1.5600000000000636
Kc_new: 1.6800000000000637
delta: 0.1200000000000001
predict_deriv_mean: 0.4466584371143595
predict_is_braess (sign>0): True
ground_truth_is_braess: True
prediction_correct: True
