edge: (2,9)
add_weight: 1.0
Kc_base: 1.8500000000000638
Kc_new: 1.940000000000064
delta: 0.09000000000000008
predict_deriv_mean: 0.5147058195215358
predict_is_braess (sign>0): True
ground_truth_is_braess: True
prediction_correct: True
