edge: (9,14)
add_weight: 1.0
Kc_base: 0.4900000000000626
Kc_new: 0.5000000000000626
delta: 0.010000000000000009
predict_deriv_mean: 0.02926054382773624
predict_is_braess (sign>0): True
ground_truth_is_braess: True
prediction_correct: True
