edge: (1,15)
add_weight: 1.0
Kc_base: 1.0900000000000631
Kc_new: 2.2000000000000597
delta: 1.1099999999999965
predict_deriv_mean: 0.0012594286718041747
predict_is_braess (sign>0): True
ground_truth_is_braess: True
prediction_correct: True
