edge: (0,3)
add_weight: 1.0
Kc_base: 0.880000000000063
Kc_new: 0.900000000000063
delta: 0.020000000000000018
predict_deriv_mean: 0.09501974992344486
predict_is_braess (sign>0): True
ground_truth_is_braess: True
prediction_correct: True
