edge: (0,10)
add_weight: 1.0
Kc_base: 2.0200000000000635
Kc_new: 3.6100000000000296
delta: 1.589999999999966
predict_deriv_mean: -3.3225289570866368
predict_is_braess (sign>0): False
ground_truth_is_braess: True
prediction_correct: False
