edge: (2,15)
add_weight: 1.0
Kc_base: 1.1800000000000632
Kc_new: 1.2000000000000632
delta: 0.020000000000000018
predict_deriv_mean: -0.043921523342682844
predict_is_braess (sign>0): False
ground_truth_is_braess: True
prediction_correct: False
