edge: (3,10)
add_weight: 1.0
Kc_base: 0.900000000000063
Kc_new: 0.910000000000063
delta: 0.010000000000000009
predict_deriv_mean: -0.018498796269881712
predict_is_braess (sign>0): False
ground_truth_is_braess: True
prediction_correct: False
