edge: (3,13)
add_weight: 1.0
Kc_base: 3.030000000000042
Kc_new: 3.040000000000042
delta: 0.009999999999999787
predict_deriv_mean: 0.06612654028597564
predict_is_braess (sign>0): True
ground_truth_is_braess: True
prediction_correct: True
