edge: (0,11)
add_weight: 1.0
Kc_base: 0.5800000000000627
Kc_new: 0.6100000000000627
delta: 0.030000000000000027
predict_deriv_mean: -0.03937156907426287
predict_is_braess (sign>0): False
ground_truth_is_braess: True
prediction_correct: False
