edge: (2,5)
add_weight: 1.0
Kc_base: 1.5300000000000635
Kc_new: 1.5300000000000635
delta: 0.0
predict_deriv_mean: 0.240802531506767
predict_is_braess (sign>0): True
ground_truth_is_braess: False
prediction_correct: False
