edge: (2,3)
add_weight: 1.0
Kc_base: 1.5600000000000636
Kc_new: 1.5000000000000635
delta: -0.06000000000000005
predict_deriv_mean: -0.11925496990974749
predict_is_braess (sign>0): False
ground_truth_is_braess: False
prediction_correct: True
