edge: (9,14)
add_weight: 1.0
Kc_base: 3.680000000000028
Kc_new: 3.7500000000000266
delta: 0.06999999999999851
predict_deriv_mean: -0.05409735614013615
predict_is_braess (sign>0): False
ground_truth_is_braess: True
prediction_correct: False
