edge: (2,13)
add_weight: 1.0
Kc_base: 1.8500000000000638
Kc_new: 2.000000000000064
delta: 0.15000000000000013
predict_deriv_mean: -2.616664723125601
predict_is_braess (sign>0): False
ground_truth_is_braess: True
prediction_correct: False
