edge: (10,14)
add_weight: 1.0
Kc_base: 2.370000000000056
Kc_new: 3.400000000000034
delta: 1.029999999999978
predict_deriv_mean: -0.6062938691434155
predict_is_braess (sign>0): False
ground_truth_is_braess: True
prediction_correct: False
