edge: (6,12)
add_weight: 1.0
Kc_base: 1.5600000000000636
Kc_new: 3.4200000000000337
delta: 1.8599999999999701
predict_deriv_mean: 0.28520925232672967
predict_is_braess (sign>0): True
ground_truth_is_braess: True
prediction_correct: True
