edge: (4,10)
add_weight: 1.0
Kc_base: 2.840000000000046
Kc_new: 2.880000000000045
delta: 0.03999999999999915
predict_deriv_mean: 0.052953807857817795
predict_is_braess (sign>0): True
ground_truth_is_braess: True
prediction_correct: True
