edge: (3,14)
add_weight: 1.0
Kc_base: 1.0900000000000631
Kc_new: 1.1100000000000632
delta: 0.020000000000000018
predict_deriv_mean: 0.00010402434549838802
predict_is_braess (sign>0): True
ground_truth_is_braess: True
prediction_correct: True
