edge: (2,9)
add_weight: 1.0
Kc_base: 1.6100000000000636
Kc_new: 3.8100000000000254
delta: 2.199999999999962
predict_deriv_mean: 0.11119311784303654
predict_is_braess (sign>0): True
ground_truth_is_braess: True
prediction_correct: True
