edge: (2,12)
add_weight: 1.0
Kc_base: 3.160000000000039
Kc_new: 3.500000000000032
delta: 0.33999999999999275
predict_deriv_mean: -2.305920290191015
predict_is_braess (sign>0): False
ground_truth_is_braess: True
prediction_correct: False
