edge: (6,12)
add_weight: 1.0
Kc_base: 1.1800000000000632
Kc_new: 1.2300000000000633
delta: 0.050000000000000044
predict_deriv_mean: 0.0486581848682075
predict_is_braess (sign>0): True
ground_truth_is_braess: True
prediction_correct: True
