edge: (0,11)
add_weight: 1.0
Kc_base: 2.370000000000056
Kc_new: 4.640000000000008
delta: 2.2699999999999516
predict_deriv_mean: 0.22370813106970555
predict_is_braess (sign>0): True
ground_truth_is_braess: True
prediction_correct: True
