edge: (6,8)
add_weight: 1.0
Kc_base: 1.3500000000000634
Kc_new: 1.4500000000000635
delta: 0.10000000000000009
predict_deriv_mean: 0.09933596764644403
predict_is_braess (sign>0): True
ground_truth_is_braess: True
prediction_correct: True
