edge: (7,11)
add_weight: 1.0
Kc_base: 1.3300000000000634
Kc_new: 1.3500000000000634
delta: 0.020000000000000018
predict_deriv_mean: 2.4566796054782136
predict_is_braess (sign>0): True
ground_truth_is_braess: True
prediction_correct: True
