edge: (6,8)
add_weight: 1.0
Kc_base: 1.5300000000000635
Kc_new: 1.1900000000000632
delta: -0.3400000000000003
predict_deriv_mean: -6.429524994973735
predict_is_braess (sign>0): False
ground_truth_is_braess: False
prediction_correct: True
