edge: (0,1)
add_weight: 1.0
Kc_base: 2.090000000000062
Kc_new: 2.1200000000000614
delta: 0.02999999999999936
predict_deriv_mean: -0.35713030499922105
predict_is_braess (sign>0): False
ground_truth_is_braess: True
prediction_correct: False
