edge: (3,7)
add_weight: 1.0
Kc_base: 1.5600000000000636
Kc_new: 1.5700000000000636
delta: 0.010000000000000009
predict_deriv_mean: -0.08535649677799984
predict_is_braess (sign>0): False
ground_truth_is_braess: True
prediction_correct: False
