edge: (8,9)
add_weight: 1.0
Kc_base: 0.6500000000000627
Kc_new: 1.5100000000000635
delta: 0.8600000000000008
predict_deriv_mean: 0.6337212477937417
predict_is_braess (sign>0): True
ground_truth_is_braess: True
prediction_correct: True
