edge: (0,14)
add_weight: 1.0
Kc_base: 6.500000000000021
Kc_new: 7.0100000000000104
delta: 0.5099999999999891
predict_deriv_mean: 0.010874159729113514
predict_is_braess (sign>0): True
ground_truth_is_braess: True
prediction_correct: True
