edge: (13,14)
add_weight: 1.0
Kc_base: 4.1800000000000175
Kc_new: 4.640000000000008
delta: 0.4599999999999902
predict_deriv_mean: 0.9209421074336266
predict_is_braess (sign>0): True
ground_truth_is_braess: True
prediction_correct: True
