edge: (8,17)
add_weight: 1.0
Kc_base: 4.710000000000006
Kc_new: 4.820000000000004
delta: 0.10999999999999766
predict_deriv_mean: 1.7065832932598197
predict_is_braess (sign>0): True
ground_truth_is_braess: True
prediction_correct: True
