edge: (0,9)
add_weight: 1.0
Kc_base: 1.3300000000000634
Kc_new: 1.3400000000000634
delta: 0.010000000000000009
predict_deriv_mean: 0.024347962647254584
predict_is_braess (sign>0): True
ground_truth_is_braess: True
prediction_correct: True
