edge: (9,11)
add_weight: 1.0
Kc_base: 1.8500000000000638
Kc_new: 2.0600000000000627
delta: 0.20999999999999885
predict_deriv_mean: 0.5015544043726663
predict_is_braess (sign>0): True
ground_truth_is_braess: True
prediction_correct: True
