edge: (3,13)
add_weight: 1.0
Kc_base: 2.370000000000056
Kc_new: 3.4200000000000337
delta: 1.0499999999999776
predict_deriv_mean: 0.148916604318846
predict_is_braess (sign>0): True
ground_truth_is_braess: True
prediction_correct: True
