edge: (0,10)
add_weight: 1.0
Kc_base: 0.5500000000000627
Kc_new: 0.8300000000000629
delta: 0.28000000000000025
predict_deriv_mean: 0.004128498344853293
predict_is_braess (sign>0): True
ground_truth_is_braess: True
prediction_correct: True
