edge: (5,8)
add_weight: 1.0
Kc_base: 0.6500000000000627
Kc_new: 0.6800000000000628
delta: 0.030000000000000027
predict_deriv_mean: 0.48450193756412185
predict_is_braess (sign>0): True
ground_truth_is_braess: True
prediction_correct: True
