edge: (2,4)
add_weight: 1.0
Kc_base: 0.880000000000063
Kc_new: 0.890000000000063
delta: 0.010000000000000009
predict_deriv_mean: 0.10398665930372686
predict_is_braess (sign>0): True
ground_truth_is_braess: True
prediction_correct: True
