edge: (0,13)
add_weight: 1.0
Kc_base: 1.8100000000000638
Kc_new: 1.8900000000000639
delta: 0.08000000000000007
predict_deriv_mean: -0.09647531764642686
predict_is_braess (sign>0): False
ground_truth_is_braess: True
prediction_correct: False
