edge: (0,4)
add_weight: 1.0
Kc_base: 0.920000000000063
Kc_new: 4.06000000000002
delta: 3.139999999999957
predict_deriv_mean: 0.3156884358623506
predict_is_braess (sign>0): True
ground_truth_is_braess: True
prediction_correct: True
