edge: (3,8)
add_weight: 1.0
Kc_base: 1.5600000000000636
Kc_new: 1.5600000000000636
delta: 0.0
predict_deriv_mean: -0.02447720780357887
predict_is_braess (sign>0): False
ground_truth_is_braess: False
prediction_correct: True
