edge: (0,5)
add_weight: 1.0
Kc_base: 4.710000000000006
Kc_new: 4.730000000000006
delta: 0.019999999999999574
predict_deriv_mean: 1.5973475775251487
predict_is_braess (sign>0): True
ground_truth_is_braess: True
prediction_correct: True
