edge: (8,13)
add_weight: 1.0
Kc_base: 1.1800000000000632
Kc_new: 1.2100000000000632
delta: 0.030000000000000027
predict_deriv_mean: 0.003998285459800854
predict_is_braess (sign>0): True
ground_truth_is_braess: True
prediction_correct: True
