edge: (4,11)
add_weight: 1.0
Kc_base: 2.740000000000048
Kc_new: 4.830000000000004
delta: 2.0899999999999554
predict_deriv_mean: -1.9606132959583753
predict_is_braess (sign>0): False
ground_truth_is_braess: True
prediction_correct: False
