edge: (6,8)
add_weight: 1.0
Kc_base: 4.710000000000006
Kc_new: 4.840000000000003
delta: 0.12999999999999723
predict_deriv_mean: 1.6650093995984854
predict_is_braess (sign>0): True
ground_truth_is_braess: True
prediction_correct: True
