edge: (3,4)
add_weight: 1.0
Kc_base: 0.930000000000063
Kc_new: 0.930000000000063
delta: 0.0
predict_deriv_mean: 0.00844610267877699
predict_is_braess (sign>0): True
ground_truth_is_braess: False
prediction_correct: False
