edge: (0,4)
add_weight: 1.0
Kc_base: 1.8100000000000638
Kc_new: 1.8300000000000638
delta: 0.020000000000000018
predict_deriv_mean: -0.06320429034734953
predict_is_braess (sign>0): False
ground_truth_is_braess: True
prediction_correct: False
