edge: (2,8)
add_weight: 1.0
Kc_base: 1.3500000000000634
Kc_new: 1.3800000000000634
delta: 0.030000000000000027
predict_deriv_mean: 0.021634182149059322
predict_is_braess (sign>0): True
ground_truth_is_braess: True
prediction_correct: True
