edge: (0,5)
add_weight: 1.0
Kc_base: 2.740000000000048
Kc_new: 3.210000000000038
delta: 0.46999999999999
predict_deriv_mean: -1.9636314383230171
predict_is_braess (sign>0): False
ground_truth_is_braess: True
prediction_correct: False
