edge: (1,3)
add_weight: 1.0
Kc_base: 3.680000000000028
Kc_new: 3.7200000000000273
delta: 0.03999999999999915
predict_deriv_mean: -0.026420873583224536
predict_is_braess (sign>0): False
ground_truth_is_braess: True
prediction_correct: False
