edge: (11,13)
add_weight: 1.0
Kc_base: 1.1100000000000632
Kc_new: 1.1400000000000632
delta: 0.030000000000000027
predict_deriv_mean: -0.008690164187384664
predict_is_braess (sign>0): False
ground_truth_is_braess: True
prediction_correct: False
