edge: (13,18)
add_weight: 1.0
Kc_base: 2.370000000000056
Kc_new: 2.940000000000044
delta: 0.5699999999999878
predict_deriv_mean: -0.002861151342769319
predict_is_braess (sign>0): False
ground_truth_is_braess: True
prediction_correct: False
