edge: (7,16)
add_weight: 1.0
Kc_base: 3.030000000000042
Kc_new: 3.0600000000000414
delta: 0.02999999999999936
predict_deriv_mean: 0.042128176083392144
predict_is_braess (sign>0): True
ground_truth_is_braess: True
prediction_correct: True
