edge: (7,18)
add_weight: 1.0
Kc_base: 2.370000000000056
Kc_new: 2.5500000000000522
delta: 0.17999999999999616
predict_deriv_mean: 0.18421110445306066
predict_is_braess (sign>0): True
ground_truth_is_braess: True
prediction_correct: True
