edge: (1,5)
add_weight: 1.0
Kc_base: 2.930000000000044
Kc_new: 2.6400000000000503
delta: -0.2899999999999938
predict_deriv_mean: -2.5163657984746663
predict_is_braess (sign>0): False
ground_truth_is_braess: False
prediction_correct: True
