edge: (12,15)
add_weight: 1.0
Kc_base: 1.0900000000000631
Kc_new: 1.1500000000000632
delta: 0.06000000000000005
predict_deriv_mean: 0.00023886043887610953
predict_is_braess (sign>0): True
ground_truth_is_braess: True
prediction_correct: True
