edge: (0,4)
add_weight: 1.0
Kc_base: 1.3200000000000633
Kc_new: 3.3000000000000362
delta: 1.979999999999973
predict_deriv_mean: 0.1768836633451062
predict_is_braess (sign>0): True
ground_truth_is_braess: True
prediction_correct: True
