edge: (0,5)
add_weight: 1.0
Kc_base: 1.5600000000000636
Kc_new: 1.6700000000000637
delta: 0.1100000000000001
predict_deriv_mean: -1.0802676288959385
predict_is_braess (sign>0): False
ground_truth_is_braess: True
prediction_correct: False
