edge: (1,11)
add_weight: 1.0
Kc_base: 1.6100000000000636
Kc_new: 1.7700000000000637
delta: 0.16000000000000014
predict_deriv_mean: -0.13813097824770781
predict_is_braess (sign>0): False
ground_truth_is_braess: True
prediction_correct: False
