edge: (5,9)
add_weight: 1.0
Kc_base: 3.680000000000028
Kc_new: 3.740000000000027
delta: 0.05999999999999872
predict_deriv_mean: -0.0438009937178398
predict_is_braess (sign>0): False
ground_truth_is_braess: True
prediction_correct: False
