edge: (0,9)
add_weight: 1.0
Kc_base: 2.370000000000056
Kc_new: 2.370000000000056
delta: 0.0
predict_deriv_mean: -2.3176783053221883
predict_is_braess (sign>0): False
ground_truth_is_braess: False
prediction_correct: True
