edge: (6,16)
add_weight: 1.0
Kc_base: 3.030000000000042
Kc_new: 3.170000000000039
delta: 0.13999999999999702
predict_deriv_mean: 0.09777152225685071
predict_is_braess (sign>0): True
ground_truth_is_braess: True
prediction_correct: True
