edge: (5,12)
add_weight: 1.0
Kc_base: 3.160000000000039
Kc_new: 3.680000000000028
delta: 0.5199999999999889
predict_deriv_mean: -1.59655660225302
predict_is_braess (sign>0): False
ground_truth_is_braess: True
prediction_correct: False
