edge: (0,6)
add_weight: 1.0
Kc_base: 1.5600000000000636
Kc_new: 2.3400000000000567
delta: 0.7799999999999931
predict_deriv_mean: -0.8381916321188936
predict_is_braess (sign>0): False
ground_truth_is_braess: True
prediction_correct: False
