edge: (10,18)
add_weight: 1.0
Kc_base: 2.370000000000056
Kc_new: 2.710000000000049
delta: 0.33999999999999275
predict_deriv_mean: -0.20623034323312828
predict_is_braess (sign>0): False
ground_truth_is_braess: True
prediction_correct: False
