edge: (14,15)
add_weight: 1.0
Kc_base: 2.370000000000056
Kc_new: 3.880000000000024
delta: 1.5099999999999678
predict_deriv_mean: 0.141690124819967
predict_is_braess (sign>0): True
ground_truth_is_braess: True
prediction_correct: True
