edge: (0,2)
add_weight: 1.0
Kc_base: 0.8200000000000629
Kc_new: 0.8300000000000629
delta: 0.010000000000000009
predict_deriv_mean: -0.005224935114482188
predict_is_braess (sign>0): False
ground_truth_is_braess: True
prediction_correct: False
