edge: (2,4)
add_weight: 1.0
Kc_base: 2.930000000000044
Kc_new: 1.7200000000000637
delta: -1.2099999999999804
predict_deriv_mean: -1.9016680534802333
predict_is_braess (sign>0): False
ground_truth_is_braess: False
prediction_correct: True
