edge: (3,5)
add_weight: 1.0
Kc_base: 1.0900000000000631
Kc_new: 1.2700000000000633
delta: 0.18000000000000016
predict_deriv_mean: 0.000561011356523311
predict_is_braess (sign>0): True
ground_truth_is_braess: True
prediction_correct: True
