edge: (2,12)
add_weight: 1.0
Kc_base: 0.5400000000000627
Kc_new: 0.5500000000000627
delta: 0.010000000000000009
predict_deriv_mean: 0.027291680094666093
predict_is_braess (sign>0): True
ground_truth_is_braess: True
prediction_correct: True
