edge: (9,12)
add_weight: 1.0
Kc_base: 3.160000000000039
Kc_new: 3.160000000000039
delta: 0.0
predict_deriv_mean: 0.4773971100745003
predict_is_braess (sign>0): True
ground_truth_is_braess: False
prediction_correct: False
