edge: (0,6)
add_weight: 1.0
Kc_base: 3.160000000000039
Kc_new: 3.210000000000038
delta: 0.049999999999998934
predict_deriv_mean: 0.41650812780594204
predict_is_braess (sign>0): True
ground_truth_is_braess: True
prediction_correct: True
