edge: (12,13)
add_weight: 1.0
Kc_base: 6.500000000000021
Kc_new: 6.510000000000021
delta: 0.009999999999999787
predict_deriv_mean: 0.016820277405444298
predict_is_braess (sign>0): True
ground_truth_is_braess: True
prediction_correct: True
