edge: (0,6)
add_weight: 1.0
Kc_base: 2.370000000000056
Kc_new: 3.8100000000000254
delta: 1.4399999999999693
predict_deriv_mean: -3.1531430369297166
predict_is_braess (sign>0): False
ground_truth_is_braess: True
prediction_correct: False
