edge: (0,6)
add_weight: 1.0
Kc_base: 0.8100000000000629
Kc_new: 2.0800000000000622
delta: 1.2699999999999994
predict_deriv_mean: 1.8317681257112965
predict_is_braess (sign>0): True
ground_truth_is_braess: True
prediction_correct: True
