edge: (0,13)
add_weight: 1.0
Kc_base: 2.740000000000048
Kc_new: 3.13000000000004
delta: 0.3899999999999917
predict_deriv_mean: -2.0522777583630765
predict_is_braess (sign>0): False
ground_truth_is_braess: True
prediction_correct: False
