edge: (3,14)
add_weight: 1.0
Kc_base: 2.090000000000062
Kc_new: 2.130000000000061
delta: 0.03999999999999915
predict_deriv_mean: 0.6744843165061756
predict_is_braess (sign>0): True
ground_truth_is_braess: True
prediction_correct: True
