edge: (12,18)
add_weight: 1.0
Kc_base: 2.270000000000058
Kc_new: 2.3900000000000556
delta: 0.11999999999999744
predict_deriv_mean: 0.08635753033954519
predict_is_braess (sign>0): True
ground_truth_is_braess: True
prediction_correct: True
