edge: (10,13)
add_weight: 1.0
Kc_base: 2.370000000000056
Kc_new: 3.3700000000000347
delta: 0.9999999999999787
predict_deriv_mean: 0.33846062540769417
predict_is_braess (sign>0): True
ground_truth_is_braess: True
prediction_correct: True
