edge: (0,13)
add_weight: 1.0
Kc_base: 2.370000000000056
Kc_new: 4.270000000000016
delta: 1.8999999999999595
predict_deriv_mean: -2.2239942492195954
predict_is_braess (sign>0): False
ground_truth_is_braess: True
prediction_correct: False
