edge: (6,16)
add_weight: 1.0
Kc_base: 1.0900000000000631
Kc_new: 3.8500000000000245
delta: 2.7599999999999616
predict_deriv_mean: 0.0016422647372660304
predict_is_braess (sign>0): True
ground_truth_is_braess: True
prediction_correct: True
