edge: (8,10)
add_weight: 1.0
Kc_base: 1.5300000000000635
Kc_new: 1.1400000000000632
delta: -0.39000000000000035
predict_deriv_mean: -3.5380115192993697
predict_is_braess (sign>0): False
ground_truth_is_braess: False
prediction_correct: True
