edge: (1,12)
add_weight: 1.0
Kc_base: 1.3300000000000634
Kc_new: 1.0800000000000631
delta: -0.2500000000000002
predict_deriv_mean: 1.95384023566472
predict_is_braess (sign>0): True
ground_truth_is_braess: False
prediction_correct: False
