edge: (1,16)
add_weight: 1.0
Kc_base: 1.8100000000000638
Kc_new: 1.7100000000000637
delta: -0.10000000000000009
predict_deriv_mean: 0.3536956282278422
predict_is_braess (sign>0): True
ground_truth_is_braess: False
prediction_correct: False
