edge: (12,15)
add_weight: 1.0
Kc_base: 1.3500000000000634
Kc_new: 1.4200000000000634
delta: 0.07000000000000006
predict_deriv_mean: 0.09719914028152299
predict_is_braess (sign>0): True
ground_truth_is_braess: True
prediction_correct: True
