edge: (7,11)
add_weight: 1.0
Kc_base: 1.960000000000064
Kc_new: 1.970000000000064
delta: 0.010000000000000009
predict_deriv_mean: 0.00014687648768102468
predict_is_braess (sign>0): True
ground_truth_is_braess: True
prediction_correct: True
