run_id: run_3503183154908395709
graph_type: rgn
n: 17
K_start: 5.0
K_min: 0.4
K_step: 0.01
onset_eps: 0.05
onset_minrun: 3
add_weight: 1.0
edges_count: 21
seed_child: 3503183154908395709
seed_root: 7199181700644732218
code_version: 2025-10-10_single_edge_only_v3
timestamp: 2025-11-17T04:45:01.616875
graph_params_json: {"n": 17, "radius": 18.103839265098085, "box_size": 100.0, "weight_low": 1.0, "weight_high": 1.0}
