edge: (8,16)
add_weight: 1.0
Kc_base: 5.14000000000005
Kc_new: 5.260000000000048
delta: 0.11999999999999744
predict_deriv_mean: 0.24143331103111332
predict_is_braess (sign>0): True
ground_truth_is_braess: True
prediction_correct: True
