edge: (4,13)
add_weight: 1.0
Kc_base: 3.160000000000039
Kc_new: 4.360000000000014
delta: 1.1999999999999744
predict_deriv_mean: -0.7315271056141149
predict_is_braess (sign>0): False
ground_truth_is_braess: True
prediction_correct: False
