edge: (11,17)
add_weight: 1.0
Kc_base: 2.370000000000056
Kc_new: 2.980000000000043
delta: 0.609999999999987
predict_deriv_mean: -0.12606780366020431
predict_is_braess (sign>0): False
ground_truth_is_braess: True
prediction_correct: False
