edge: (7,9)
add_weight: 1.0
Kc_base: 2.000000000000064
Kc_new: 2.0100000000000637
delta: 0.009999999999999787
predict_deriv_mean: 0.0058562954015694
predict_is_braess (sign>0): True
ground_truth_is_braess: True
prediction_correct: True
