edge: (5,17)
add_weight: 1.0
Kc_base: 4.710000000000006
Kc_new: 4.780000000000005
delta: 0.06999999999999851
predict_deriv_mean: 0.0029265453668577968
predict_is_braess (sign>0): True
ground_truth_is_braess: True
prediction_correct: True
