edge: (2,11)
add_weight: 1.0
Kc_base: 3.160000000000039
Kc_new: 3.7000000000000277
delta: 0.5399999999999885
predict_deriv_mean: 0.27319146449987153
predict_is_braess (sign>0): True
ground_truth_is_braess: True
prediction_correct: True
