edge: (0,7)
add_weight: 1.0
Kc_base: 3.030000000000042
Kc_new: 2.880000000000045
delta: -0.1499999999999968
predict_deriv_mean: -0.17645588431585357
predict_is_braess (sign>0): False
ground_truth_is_braess: False
prediction_correct: True
