run_id: run_3011326961364272502
graph_type: er
n: 18
K_start: 5.0
K_min: 0.4
K_step: 0.01
onset_eps: 0.05
onset_minrun: 3
add_weight: 1.0
edges_count: 72
seed_child: 3011326961364272502
seed_root: 7199181700644732218
code_version: 2025-10-10_single_edge_only_v3
timestamp: 2025-11-17T04:35:17.899588
graph_params_json: {"n": 18, "p": 0.3942682388605364, "weight_low": 1.0, "weight_high": 1.0}
