edge: (0,9)
add_weight: 1.0
Kc_base: 1.8500000000000638
Kc_new: 2.1600000000000605
delta: 0.3099999999999967
predict_deriv_mean: 0.3497424843141872
predict_is_braess (sign>0): True
ground_truth_is_braess: True
prediction_correct: True
