edge: (0,17)
add_weight: 1.0
Kc_base: 1.8100000000000638
Kc_new: 2.2200000000000593
delta: 0.4099999999999955
predict_deriv_mean: -0.06288652637135922
predict_is_braess (sign>0): False
ground_truth_is_braess: True
prediction_correct: False
