edge: (0,1)
add_weight: 1.0
Kc_base: 0.920000000000063
Kc_new: 2.000000000000064
delta: 1.080000000000001
predict_deriv_mean: 0.03696927743957912
predict_is_braess (sign>0): True
ground_truth_is_braess: True
prediction_correct: True
