edge: (5,15)
add_weight: 1.0
Kc_base: 1.3300000000000634
Kc_new: 1.4700000000000635
delta: 0.14000000000000012
predict_deriv_mean: 0.5806750485905298
predict_is_braess (sign>0): True
ground_truth_is_braess: True
prediction_correct: True
