edge: (3,11)
add_weight: 1.0
Kc_base: 0.4600000000000626
Kc_new: 0.4700000000000626
delta: 0.010000000000000009
predict_deriv_mean: -0.006104144298411551
predict_is_braess (sign>0): False
ground_truth_is_braess: True
prediction_correct: False
