edge: (7,12)
add_weight: 1.0
Kc_base: 2.000000000000064
Kc_new: 2.0200000000000635
delta: 0.019999999999999574
predict_deriv_mean: -0.004149829186597009
predict_is_braess (sign>0): False
ground_truth_is_braess: True
prediction_correct: False
