edge: (0,2)
add_weight: 1.0
Kc_base: 4.710000000000006
Kc_new: 4.7400000000000055
delta: 0.02999999999999936
predict_deriv_mean: 1.5793001887089475
predict_is_braess (sign>0): True
ground_truth_is_braess: True
prediction_correct: True
