edge: (8,12)
add_weight: 1.0
Kc_base: 1.5300000000000635
Kc_new: 1.5900000000000636
delta: 0.06000000000000005
predict_deriv_mean: 0.2228968616132252
predict_is_braess (sign>0): True
ground_truth_is_braess: True
prediction_correct: True
