edge: (0,1)
add_weight: 1.0
Kc_base: 2.370000000000056
Kc_new: 4.300000000000015
delta: 1.9299999999999589
predict_deriv_mean: -0.6742558431161909
predict_is_braess (sign>0): False
ground_truth_is_braess: True
prediction_correct: False
