edge: (2,9)
add_weight: 1.0
Kc_base: 0.6500000000000627
Kc_new: 0.970000000000063
delta: 0.3200000000000003
predict_deriv_mean: 0.24051940320438434
predict_is_braess (sign>0): True
ground_truth_is_braess: True
prediction_correct: True
