edge: (14,16)
add_weight: 1.0
Kc_base: 2.090000000000062
Kc_new: 2.18000000000006
delta: 0.08999999999999808
predict_deriv_mean: 0.16125796334275166
predict_is_braess (sign>0): True
ground_truth_is_braess: True
prediction_correct: True
