edge: (5,8)
add_weight: 1.0
Kc_base: 0.7600000000000628
Kc_new: 0.7800000000000629
delta: 0.020000000000000018
predict_deriv_mean: 0.2955604587973275
predict_is_braess (sign>0): True
ground_truth_is_braess: True
prediction_correct: True
