edge: (1,5)
add_weight: 1.0
Kc_base: 1.1100000000000632
Kc_new: 1.1200000000000632
delta: 0.010000000000000009
predict_deriv_mean: 0.1957748903793386
predict_is_braess (sign>0): True
ground_truth_is_braess: True
prediction_correct: True
