edge: (12,18)
add_weight: 1.0
Kc_base: 2.370000000000056
Kc_new: 3.12000000000004
delta: 0.749999999999984
predict_deriv_mean: -0.0449041061369716
predict_is_braess (sign>0): False
ground_truth_is_braess: True
prediction_correct: False
