run_id: run_3366103607061773598
graph_type: er
n: 20
K_start: 5.0
K_min: 0.4
K_step: 0.01
onset_eps: 0.05
onset_minrun: 3
add_weight: 1.0
edges_count: 88
seed_child: 3366103607061773598
seed_root: 7199181700644732218
code_version: 2025-10-10_single_edge_only_v3
timestamp: 2025-11-17T04:44:54.747141
graph_params_json: {"n": 20, "p": 0.4703068512281988, "weight_low": 1.0, "weight_high": 1.0}
