edge: (1,5)
add_weight: 1.0
Kc_base: 1.3300000000000634
Kc_new: 1.3900000000000634
delta: 0.06000000000000005
predict_deriv_mean: 2.2981899455608676
predict_is_braess (sign>0): True
ground_truth_is_braess: True
prediction_correct: True
