edge: (5,18)
add_weight: 1.0
Kc_base: 2.370000000000056
Kc_new: 2.6300000000000505
delta: 0.25999999999999446
predict_deriv_mean: -2.037392338776436
predict_is_braess (sign>0): False
ground_truth_is_braess: True
prediction_correct: False
